1130 705
1129.92 704.132
1129.7 703.29
1129.33 702.5
1128.83 701.786
1128.21 701.17
1127.5 700.67
1126.71 700.302
1125.87 700.076
1125 700
1055 700
1054.13 700.076
1053.29 700.302
1052.5 700.67
1051.79 701.17
1051.17 701.786
1050.67 702.5
1050.3 703.29
1050.08 704.132
1050 705
1050 725
1050.08 725.868
1050.3 726.71
1050.67 727.5
1051.17 728.214
1051.79 728.83
1052.5 729.33
1053.29 729.698
1054.13 729.924
1055 730
1125 730
1125.87 729.924
1126.71 729.698
1127.5 729.33
1128.21 728.83
1128.83 728.214
1129.33 727.5
1129.7 726.71
1129.92 725.868
1130 725
1130 745
1129.92 744.132
1129.7 743.29
1129.33 742.5
1128.83 741.786
1128.21 741.17
1127.5 740.67
1126.71 740.302
1125.87 740.076
1125 740
1055 740
1054.13 740.076
1053.29 740.302
1052.5 740.67
1051.79 741.17
1051.17 741.786
1050.67 742.5
1050.3 743.29
1050.08 744.132
1050 745
1050 765
1050.08 765.868
1050.3 766.71
1050.67 767.5
1051.17 768.214
1051.79 768.83
1052.5 769.33
1053.29 769.698
1054.13 769.924
1055 770
1125 770
1125.87 769.924
1126.71 769.698
1127.5 769.33
1128.21 768.83
1128.83 768.214
1129.33 767.5
1129.7 766.71
1129.92 765.868
1130 765
1130 785
1129.92 784.132
1129.7 783.29
1129.33 782.5
1128.83 781.786
1128.21 781.17
1127.5 780.67
1126.71 780.302
1125.87 780.076
1125 780
1055 780
1054.13 780.076
1053.29 780.302
1052.5 780.67
1051.79 781.17
1051.17 781.786
1050.67 782.5
1050.3 783.29
1050.08 784.132
1050 785
1050 805
1050.08 805.868
1050.3 806.71
1050.67 807.5
1051.17 808.214
1051.79 808.83
1052.5 809.33
1053.29 809.698
1054.13 809.924
1055 810
1125 810
1125.87 809.924
1126.71 809.698
1127.5 809.33
1128.21 808.83
1128.83 808.214
1129.33 807.5
1129.7 806.71
1129.92 805.868
1130 805
100 10
99.8481 8.26352
99.3969 6.5798
98.6603 5
97.6604 3.57212
96.4279 2.33956
95 1.33975
93.4202 0.603074
91.7365 0.151922
90 0
10 0
8.26352 0.151923
6.5798 0.603074
5 1.33975
3.57212 2.33956
2.33956 3.57212
1.33975 5
0.603073 6.5798
0.151922 8.26352
0 10
0 90
0.151923 91.7365
0.603074 93.4202
1.33975 95
2.33956 96.4279
3.57212 97.6604
5 98.6603
6.5798 99.3969
8.26352 99.8481
10 100
90 100
91.7365 99.8481
93.4202 99.3969
95 98.6603
96.4279 97.6604
97.6604 96.4279
98.6603 95
99.3969 93.4202
99.8481 91.7365
100 90